0.455 0.365 0
0.35 0.265 1
0.53 0.42 2
0.44 0.365 3
0.33 0.255 1
0.425 0.3 4
0.53 0.415 5
0.545 0.425 6
0.475 0.37 2
0.55 0.44 7
0.525 0.38 8
0.43 0.35 3
0.49 0.38 9
0.535 0.405 3
0.47 0.355 3
0.5 0.4 10
0.355 0.28 1
0.44 0.34 3
0.365 0.295 1
0.45 0.32 2
0.355 0.28 9
0.38 0.275 3
0.565 0.44 10
0.55 0.415 2
0.615 0.48 3
0.56 0.44 9
0.58 0.45 9
0.59 0.445 10
0.605 0.475 0
0.575 0.425 9
0.58 0.47 3
0.68 0.56 0
0.665 0.525 11
0.68 0.55 7
0.705 0.55 12
0.465 0.355 4
0.54 0.475 6
0.45 0.355 4
0.575 0.445 9
0.355 0.29 2
0.45 0.335 2
0.55 0.425 8
0.24 0.175 13
0.205 0.15 13
0.21 0.15 14
0.39 0.295 1
0.47 0.37 2
0.46 0.375 1
0.325 0.245 15
0.525 0.425 2
0.52 0.41 4
0.4 0.32 1
0.485 0.36 3
0.47 0.36 3
0.405 0.31 1
0.5 0.4 4
0.445 0.35 4
0.47 0.385 4
0.245 0.19 14
0.505 0.4 1
0.45 0.345 1
0.505 0.405 2
0.53 0.41 3
0.425 0.325 1
0.52 0.4 4
0.475 0.355 4
0.565 0.44 10
0.595 0.495 12
0.475 0.39 3
0.31 0.235 15
0.555 0.425 12
0.4 0.32 4
0.595 0.475 5
0.57 0.48 9
0.605 0.45 12
0.6 0.475 0
0.595 0.475 2
0.6 0.47 3
0.555 0.425 9
0.615 0.475 8
0.575 0.445 2
0.62 0.51 10
0.52 0.425 6
0.595 0.475 16
0.58 0.45 8
0.57 0.465 10
0.625 0.465 12
0.56 0.44 3
0.46 0.355 2
0.575 0.45 10
0.565 0.425 0
0.555 0.44 10
0.595 0.465 12
0.625 0.495 3
0.695 0.56 0
0.665 0.535 8
0.535 0.435 2
0.47 0.375 4
0.47 0.37 1
0.475 0.375 3
0.36 0.265 1
0.55 0.435 0
0.53 0.435 0
0.53 0.415 3
0.605 0.47 10
0.52 0.41 10
0.545 0.43 9
0.5 0.4 3
0.51 0.39 2
0.435 0.395 2
0.495 0.395 2
0.465 0.36 2
0.435 0.32 2
0.425 0.35 2
0.545 0.41 9
0.53 0.415 9
0.49 0.375 9
0.44 0.34 3
0.56 0.43 2
0.405 0.305 4
0.47 0.365 2
0.385 0.295 1
0.515 0.425 8
0.37 0.265 15
0.36 0.28 15
0.27 0.195 13
0.375 0.275 15
0.385 0.29 4
0.7 0.535 7
0.71 0.54 11
0.595 0.48 17
0.44 0.35 2
0.325 0.26 1
0.35 0.26 1
0.265 0.2 1
0.425 0.33 4
0.305 0.23 1
0.345 0.255 2
0.405 0.325 2
0.375 0.285 2
0.565 0.445 3
0.55 0.45 3
0.65 0.52 6
0.56 0.455 9
0.475 0.375 3
0.49 0.38 3
0.46 0.35 3
0.28 0.205 2
0.175 0.13 13
0.17 0.13 14
0.59 0.475 0
0.605 0.5 2
0.635 0.515 3
0.605 0.485 3
0.565 0.45 10
0.515 0.405 3
0.575 0.46 12
0.645 0.485 6
0.58 0.455 12
0.575 0.46 12
0.605 0.465 12
0.605 0.485 12
0.61 0.485 10
0.725 0.56 11
0.65 0.545 6
0.725 0.57 8
0.725 0.575 5
0.68 0.57 5
0.705 0.56 8
0.68 0.515 10
0.695 0.55 8
0.53 0.395 1
0.525 0.435 4
0.52 0.405 4
0.235 0.16 13
0.36 0.26 1
0.315 0.21 13
0.315 0.245 4
0.225 0.16 14
0.58 0.475 9
0.57 0.48 8
0.64 0.51 16
0.56 0.45 3
0.62 0.475 3
0.645 0.51 10
0.62 0.49 12
0.63 0.48 10
0.63 0.5 3
0.63 0.48 9
0.585 0.46 2
0.615 0.48 12
0.61 0.485 10
0.58 0.45 8
0.355 0.275 4
0.51 0.4 3
0.5 0.405 10
0.505 0.41 9
0.64 0.5 6
0.56 0.45 0
0.585 0.46 3
0.45 0.345 2
0.5 0.4 12
0.5 0.4 10
0.53 0.435 12
0.42 0.335 4
0.44 0.34 2
0.4 0.3 2
0.435 0.34 4
0.525 0.415 12
0.37 0.28 1
0.49 0.365 3
0.335 0.25 1
0.415 0.325 10
0.5 0.405 2
0.485 0.395 8
0.55 0.405 3
0.45 0.35 4
0.405 0.3 1
0.47 0.36 3
0.415 0.305 4
0.445 0.325 2
0.47 0.35 9
0.49 0.375 2
0.445 0.355 9
0.425 0.38 3
0.5 0.37 2
0.39 0.29 1
0.365 0.27 1
0.58 0.465 9
0.53 0.415 0
0.555 0.445 12
0.565 0.44 8
0.625 0.505 18
0.275 0.215 1
0.44 0.35 10
0.295 0.225 2
0.075 0.055 19
0.13 0.1 20
0.11 0.09 20
0.16 0.12 13
0.565 0.425 17
0.27 0.2 13
0.23 0.175 13
0.3 0.23 4
0.33 0.255 4
0.35 0.26 3
0.32 0.245 12
0.36 0.275 2
0.305 0.245 1
0.345 0.27 1
0.33 0.25 1
0.59 0.47 12
0.595 0.455 10
0.575 0.46 0
0.6 0.495 0
0.56 0.45 0
0.56 0.45 7
0.545 0.46 3
0.635 0.505 0
0.59 0.475 12
0.54 0.475 9
0.57 0.44 10
0.53 0.42 9
0.245 0.195 14
0.27 0.2 15
0.46 0.38 9
0.52 0.45 8
0.35 0.275 4
0.47 0.39 2
0.45 0.36 12
0.64 0.525 18
0.59 0.5 6
0.62 0.485 8
0.63 0.505 0
0.63 0.515 12
0.655 0.54 18
0.66 0.53 10
0.61 0.5 11
0.635 0.525 5
0.515 0.425 9
0.535 0.415 0
0.36 0.285 1
0.455 0.355 2
0.485 0.395 8
0.515 0.38 8
0.535 0.415 3
0.53 0.435 3
0.495 0.4 17
0.44 0.355 2
0.535 0.435 3
0.54 0.435 17
0.565 0.505 10
0.61 0.475 0
0.565 0.455 7
0.6 0.495 21
0.295 0.215 15
0.275 0.205 15
0.28 0.21 14
0.49 0.395 9
0.37 0.28 2
0.405 0.305 2
0.54 0.435 12
0.37 0.28 4
0.36 0.27 15
0.47 0.36 3
0.2 0.145 14
0.165 0.12 20
0.645 0.515 12
0.55 0.41 8
0.57 0.435 3
0.63 0.485 16
0.56 0.44 8
0.595 0.455 7
0.62 0.47 22
0.63 0.485 22
0.45 0.355 4
0.635 0.535 8
0.45 0.35 3
0.58 0.455 11
0.33 0.255 15
0.265 0.21 13
0.19 0.145 14
0.385 0.31 9
0.265 0.205 13
0.335 0.265 1
0.355 0.275 1
0.32 0.255 1
0.51 0.4 10
0.36 0.295 4
0.36 0.28 4
0.5 0.38 10
0.4 0.325 4
0.3 0.22 13
0.235 0.175 13
0.74 0.6 6
0.62 0.465 9
0.6 0.475 8
0.59 0.45 6
0.62 0.475 12
0.565 0.45 0
0.575 0.455 8
0.62 0.51 8
0.62 0.465 10
0.505 0.375 10
0.46 0.425 4
0.49 0.39 12
0.525 0.42 2
0.34 0.26 15
0.375 0.305 4
0.61 0.48 8
0.61 0.495 4
0.585 0.45 18
0.57 0.46 10
0.58 0.455 2
0.635 0.515 6
0.7 0.58 5
0.675 0.525 12
0.645 0.525 11
0.745 0.585 17
0.685 0.545 6
0.605 0.49 11
0.59 0.465 10
0.65 0.525 5
0.6 0.48 6
0.62 0.5 10
0.63 0.515 7
0.58 0.465 9
0.58 0.455 3
0.63 0.49 10
0.69 0.56 17
0.65 0.545 6
0.66 0.565 6
0.68 0.58 7
0.7 0.575 8
0.685 0.52 12
0.675 0.545 5
0.63 0.49 9
0.585 0.45 3
0.565 0.465 0
0.61 0.495 10
0.605 0.47 0
0.535 0.42 3
0.485 0.4 3
0.47 0.375 10
0.545 0.425 3
0.455 0.37 2
0.54 0.42 10
0.46 0.38 3
0.49 0.42 8
0.465 0.375 2
0.415 0.325 3
0.475 0.375 3
0.47 0.375 3
0.365 0.295 2
0.345 0.275 15
0.39 0.31 9
0.5 0.395 3
0.47 0.38 4
0.535 0.44 10
0.585 0.455 9
0.485 0.365 2
0.515 0.455 2
0.435 0.325 1
0.515 0.415 3
0.44 0.345 1
0.525 0.44 10
0.45 0.355 4
0.59 0.485 6
0.555 0.45 9
0.57 0.44 4
0.59 0.5 0
0.585 0.475 8
0.58 0.46 9
0.545 0.44 10
0.605 0.495 8
0.62 0.47 0
0.63 0.5 5
0.63 0.515 5
0.63 0.5 6
0.545 0.41 12
0.67 0.54 8
0.49 0.38 9
0.49 0.39 12
0.29 0.225 4
0.26 0.2 15
0.58 0.45 12
0.61 0.485 11
0.6 0.5 7
0.56 0.455 16
0.575 0.45 11
0.57 0.45 11
0.6 0.47 5
0.565 0.455 11
0.545 0.42 18
0.44 0.345 12
0.5 0.41 9
0.36 0.275 1
0.385 0.305 8
0.39 0.3 2
0.5 0.415 12
0.36 0.275 3
0.335 0.26 4
0.505 0.425 7
0.395 0.295 3
0.41 0.325 3
0.56 0.455 2
0.565 0.435 12
0.565 0.455 6
0.605 0.5 10
0.565 0.455 11
0.725 0.565 6
0.675 0.535 6
0.665 0.555 17
0.565 0.49 9
0.645 0.55 8
0.575 0.47 9
0.64 0.54 0
0.36 0.28 2
0.415 0.31 3
0.525 0.41 9
0.38 0.285 9
0.585 0.465 10
0.24 0.185 15
0.22 0.165 13
0.255 0.195 15
0.175 0.125 13
0.67 0.55 10
0.655 0.53 12
0.68 0.55 17
0.675 0.555 16
0.53 0.44 2
0.515 0.405 3
0.43 0.34 2
0.52 0.405 9
0.545 0.415 3
0.53 0.415 17
0.465 0.35 2
0.665 0.54 17
0.735 0.59 16
0.66 0.545 6
0.7 0.585 23
0.575 0.4 17
0.57 0.465 0
0.58 0.46 7
0.63 0.48 10
0.585 0.465 12
0.55 0.45 9
0.625 0.515 0
0.54 0.42 9
0.57 0.455 8
0.59 0.455 8
0.58 0.46 12
0.655 0.51 9
0.655 0.53 0
0.625 0.5 17
0.625 0.5 0
0.64 0.52 10
0.605 0.485 7
0.615 0.525 9
0.555 0.45 3
0.58 0.44 10
0.62 0.52 22
0.62 0.47 0
0.6 0.505 12
0.625 0.485 17
0.6 0.47 0
0.56 0.46 10
0.585 0.455 0
0.56 0.435 9
0.56 0.445 6
0.68 0.53 3
0.455 0.35 3
0.49 0.38 3
0.31 0.22 15
0.275 0.195 13
0.27 0.195 15
0.4 0.29 2
0.28 0.2 13
0.325 0.23 14
0.345 0.25 15
0.21 0.15 20
0.36 0.27 13
0.365 0.26 2
0.2 0.14 13
0.235 0.16 14
0.175 0.125 14
0.155 0.11 20
0.57 0.445 8
0.57 0.45 10
0.385 0.3 2
0.53 0.42 5
0.46 0.355 12
0.47 0.37 10
0.435 0.335 2
0.47 0.37 3
0.465 0.38 9
0.52 0.405 9
0.29 0.23 1
0.275 0.205 13
0.375 0.29 3
0.5 0.375 0
0.44 0.355 9
0.42 0.325 0
0.445 0.35 4
0.38 0.29 3
0.32 0.245 9
0.255 0.195 4
0.205 0.155 1
0.565 0.45 10
0.555 0.425 9
0.65 0.515 17
0.615 0.49 12
0.56 0.44 10
0.48 0.37 12
0.485 0.39 2
0.5 0.385 3
0.525 0.405 8
0.66 0.5 10
0.66 0.53 12
0.52 0.4 12
0.44 0.34 4
0.515 0.4 12
0.475 0.35 9
0.545 0.415 9
0.47 0.355 8
0.35 0.255 3
0.485 0.355 10
0.435 0.33 10
0.28 0.21 1
0.41 0.32 9
0.45 0.35 6
0.45 0.345 8
0.59 0.455 5
0.57 0.44 17
0.61 0.475 3
0.61 0.475 9
0.56 0.425 3
0.585 0.435 3
0.58 0.445 9
0.63 0.48 17
0.625 0.49 9
0.55 0.425 8
0.645 0.525 7
0.46 0.355 12
0.41 0.305 9
0.495 0.39 9
0.52 0.425 3
0.55 0.41 12
0.45 0.335 8
0.405 0.31 12
0.51 0.4 12
0.37 0.29 2
0.525 0.41 11
0.66 0.52 7
0.535 0.42 10
0.575 0.455 12
0.55 0.43 2
0.605 0.47 12
0.605 0.495 10
0.56 0.445 6
0.535 0.42 17
0.385 0.315 3
0.39 0.3 12
0.47 0.345 9
0.515 0.39 10
0.425 0.345 12
0.345 0.27 2
0.485 0.37 3
0.37 0.285 3
0.35 0.265 10
0.44 0.345 10
0.195 0.145 14
0.325 0.24 2
0.495 0.37 11
0.45 0.35 0
0.415 0.345 12
0.47 0.355 10
0.32 0.24 1
0.31 0.225 2
0.235 0.17 1
0.345 0.255 3
0.485 0.38 11
0.5 0.385 10
0.5 0.385 17
0.465 0.36 0
0.525 0.405 10
0.425 0.335 3
0.38 0.305 4
0.53 0.415 16
0.34 0.265 3
0.475 0.365 2
0.43 0.34 1
0.46 0.365 3
0.47 0.36 2
0.36 0.295 2
0.355 0.265 4
0.38 0.235 1
0.355 0.26 15
0.44 0.345 8
0.51 0.4 12
0.325 0.24 1
0.62 0.485 12
0.59 0.45 7
0.33 0.255 1
0.45 0.34 2
0.445 0.33 9
0.33 0.215 15
0.48 0.375 2
0.46 0.35 9
0.475 0.36 2
0.255 0.18 13
0.335 0.245 15
0.47 0.35 9
0.31 0.225 1
0.37 0.28 3
0.295 0.215 1
0.555 0.435 17
0.615 0.515 6
0.58 0.49 11
0.585 0.475 9
0.65 0.525 11
0.535 0.45 9
0.415 0.34 3
0.38 0.305 10
0.45 0.355 7
0.395 0.295 3
0.455 0.35 9
0.485 0.38 0
0.55 0.425 12
0.45 0.35 12
0.475 0.385 8
0.5 0.38 17
0.53 0.41 7
0.49 0.39 16
0.49 0.385 22
0.52 0.395 18
0.54 0.415 10
0.5 0.375 9
0.45 0.38 22
0.37 0.275 4
0.37 0.275 1
0.485 0.37 3
0.435 0.325 1
0.535 0.405 6
0.51 0.4 3
0.565 0.44 0
0.535 0.4 12
0.535 0.405 6
0.525 0.4 9
0.59 0.44 9
0.5 0.375 3
0.255 0.19 13
0.43 0.325 9
0.38 0.29 2
0.165 0.11 14
0.315 0.23 1
0.155 0.105 14
0.28 0.205 13
0.43 0.335 12
0.395 0.315 6
0.385 0.285 10
0.48 0.385 8
0.445 0.33 2
0.395 0.295 10
0.4 0.3 2
0.415 0.325 3
0.315 0.25 9
0.345 0.26 3
0.36 0.295 3
0.295 0.225 1
0.325 0.25 1
0.375 0.3 9
0.28 0.205 1
0.355 0.265 4
0.35 0.255 2
0.275 0.2 1
0.29 0.205 4
0.25 0.19 15
0.18 0.125 14
0.15 0.1 24
0.16 0.11 20
0.555 0.455 12
0.555 0.44 0
0.525 0.41 0
0.465 0.36 9
0.49 0.36 17
0.4 0.305 3
0.48 0.375 10
0.505 0.4 12
0.52 0.4 0
0.525 0.4 9
0.545 0.42 12
0.52 0.4 0
0.505 0.38 12
0.525 0.425 11
0.51 0.39 3
0.52 0.385 10
0.52 0.405 10
0.535 0.41 8
0.445 0.345 3
0.53 0.44 8
0.36 0.265 4
0.535 0.42 8
0.52 0.405 17
0.53 0.415 5
0.53 0.42 17
0.66 0.52 17
0.52 0.385 2
0.535 0.42 8
0.695 0.515 0
0.51 0.39 12
0.485 0.355 3
0.605 0.46 12
0.58 0.455 12
0.65 0.515 5
0.62 0.505 12
0.615 0.525 5
0.605 0.495 0
0.57 0.44 12
0.57 0.43 0
0.585 0.405 0
0.55 0.44 6
0.54 0.44 17
0.64 0.51 8
0.61 0.47 8
0.545 0.45 9
0.59 0.445 12
0.345 0.27 2
0.55 0.43 9
0.53 0.425 17
0.53 0.455 9
0.485 0.375 4
0.385 0.275 4
0.455 0.34 2
0.49 0.38 3
0.53 0.41 9
0.505 0.385 0
0.49 0.38 12
0.465 0.35 0
0.47 0.36 0
0.56 0.41 12
0.505 0.385 10
0.515 0.435 3
0.385 0.28 15
0.215 0.155 13
0.55 0.415 0
0.515 0.39 2
0.495 0.385 10
0.505 0.39 2
0.6 0.465 10
0.57 0.465 3
0.485 0.375 3
0.47 0.37 2
0.575 0.45 10
0.58 0.465 10
0.515 0.405 0
0.53 0.41 9
0.44 0.335 2
0.52 0.42 9
0.425 0.345 9
0.46 0.34 3
0.45 0.335 3
0.425 0.33 2
0.37 0.275 1
0.515 0.38 3
0.405 0.305 1
0.28 0.205 15
0.48 0.4 0
0.44 0.34 3
0.52 0.41 10
0.505 0.405 10
0.49 0.365 16
0.235 0.175 15
0.255 0.185 13
0.315 0.24 1
0.325 0.25 1
0.335 0.25 15
0.35 0.27 15
0.35 0.25 15
0.36 0.3 1
0.365 0.275 1
0.37 0.275 15
0.38 0.275 1
0.385 0.29 15
0.385 0.3 1
0.395 0.29 1
0.395 0.29 15
0.4 0.31 15
0.41 0.325 15
0.415 0.32 1
0.415 0.305 15
0.425 0.325 15
0.44 0.365 2
0.445 0.335 1
0.445 0.325 1
0.45 0.35 4
0.47 0.375 4
0.475 0.365 2
0.48 0.365 4
0.485 0.355 2
0.49 0.385 4
0.495 0.41 2
0.5 0.4 2
0.505 0.44 4
0.525 0.395 4
0.54 0.405 2
0.54 0.42 9
0.545 0.44 3
0.55 0.43 4
0.55 0.45 3
0.55 0.45 3
0.555 0.435 2
0.565 0.45 3
0.57 0.455 2
0.57 0.435 3
0.575 0.465 2
0.59 0.475 2
0.59 0.46 10
0.595 0.48 3
0.595 0.48 4
0.595 0.475 15
0.595 0.465 10
0.6 0.475 9
0.6 0.475 3
0.6 0.495 9
0.605 0.475 3
0.605 0.455 2
0.615 0.5 10
0.615 0.52 3
0.615 0.51 2
0.615 0.505 10
0.62 0.505 9
0.62 0.5 2
0.625 0.49 9
0.625 0.49 9
0.63 0.505 8
0.635 0.51 2
0.635 0.5 3
0.635 0.485 2
0.64 0.51 4
0.65 0.525 9
0.655 0.52 2
0.655 0.58 17
0.66 0.53 0
0.66 0.52 3
0.67 0.585 3
0.675 0.525 10
0.675 0.525 2
0.68 0.56 9
0.685 0.54 9
0.695 0.56 9
0.73 0.595 17
0.205 0.14 15
0.24 0.175 13
0.24 0.175 20
0.255 0.19 15
0.255 0.18 14
0.265 0.195 15
0.28 0.12 14
0.295 0.23 13
0.3 0.235 14
0.3 0.23 15
0.305 0.22 13
0.315 0.235 15
0.315 0.23 4
0.32 0.24 13
0.325 0.24 15
0.33 0.265 15
0.335 0.25 1
0.335 0.25 1
0.34 0.25 13
0.34 0.25 1
0.345 0.265 1
0.37 0.29 15
0.37 0.28 1
0.375 0.28 15
0.385 0.265 15
0.41 0.31 1
0.41 0.305 1
0.41 0.31 15
0.415 0.33 15
0.42 0.32 13
0.42 0.315 15
0.425 0.34 15
0.425 0.315 15
0.43 0.325 1
0.43 0.325 1
0.435 0.325 4
0.435 0.34 15
0.44 0.345 15
0.44 0.325 1
0.445 0.335 15
0.445 0.35 1
0.45 0.36 1
0.45 0.355 4
0.45 0.345 1
0.45 0.335 1
0.455 0.355 1
0.455 0.375 15
0.46 0.36 1
0.46 0.345 1
0.465 0.365 1
0.465 0.37 1
0.465 0.345 1
0.465 0.35 15
0.47 0.365 4
0.47 0.365 4
0.475 0.37 2
0.475 0.36 15
0.48 0.375 15
0.48 0.385 15
0.48 0.36 4
0.48 0.365 1
0.485 0.37 1
0.49 0.385 4
0.495 0.395 4
0.495 0.4 1
0.5 0.39 15
0.5 0.385 4
0.5 0.385 1
0.5 0.4 1
0.505 0.39 2
0.505 0.39 4
0.505 0.41 2
0.505 0.355 4
0.51 0.39 4
0.51 0.375 1
0.51 0.405 1
0.51 0.405 4
0.51 0.41 4
0.515 0.43 4
0.515 0.39 1
0.525 0.415 4
0.525 0.4 9
0.53 0.425 4
0.53 0.425 4
0.53 0.405 1
0.535 0.4 4
0.535 0.43 4
0.535 0.435 4
0.55 0.445 2
0.55 0.43 2
0.56 0.455 2
0.565 0.4 4
0.57 0.45 3
0.57 0.45 3
0.57 0.455 4
0.57 0.445 4
0.57 0.46 1
0.575 0.475 2
0.575 0.46 2
0.58 0.46 1
0.58 0.46 4
0.58 0.455 3
0.58 0.45 4
0.58 0.49 2
0.59 0.465 9
0.59 0.47 4
0.59 0.455 4
0.595 0.47 9
0.595 0.45 9
0.595 0.475 2
0.595 0.46 2
0.595 0.455 2
0.605 0.49 2
0.605 0.475 2
0.605 0.47 9
0.61 0.47 9
0.61 0.475 3
0.615 0.48 4
0.62 0.51 9
0.625 0.48 3
0.625 0.49 3
0.625 0.475 3
0.625 0.5 2
0.625 0.485 2
0.63 0.485 4
0.63 0.495 9
0.63 0.48 4
0.635 0.49 9
0.635 0.525 3
0.64 0.505 3
0.64 0.5 9
0.64 0.5 3
0.645 0.5 3
0.645 0.52 9
0.645 0.52 4
0.645 0.505 4
0.645 0.5 9
0.645 0.5 3
0.645 0.515 3
0.65 0.495 2
0.65 0.52 9
0.65 0.525 3
0.655 0.46 2
0.655 0.51 3
0.66 0.505 9
0.66 0.535 2
0.66 0.495 3
0.66 0.475 15
0.67 0.525 9
0.675 0.57 3
0.675 0.565 10
0.68 0.535 10
0.69 0.525 4
0.69 0.505 3
0.695 0.535 3
0.705 0.535 10
0.71 0.565 9
0.715 0.565 3
0.715 0.525 9
0.735 0.6 9
0.765 0.6 10
0.185 0.13 14
0.195 0.15 20
0.195 0.135 14
0.2 0.155 14
0.225 0.165 14
0.245 0.18 14
0.25 0.18 13
0.265 0.195 1
0.275 0.195 15
0.28 0.21 13
0.285 0.22 13
0.3 0.22 15
0.315 0.235 15
0.32 0.225 15
0.34 0.265 13
0.37 0.28 15
0.375 0.28 15
0.375 0.275 15
0.385 0.29 1
0.4 0.32 15
0.405 0.3 1
0.41 0.3 1
0.41 0.325 15
0.42 0.3 1
0.42 0.32 1
0.42 0.31 15
0.425 0.325 1
0.43 0.335 1
0.435 0.33 15
0.435 0.345 1
0.44 0.33 1
0.445 0.345 1
0.445 0.34 1
0.445 0.335 4
0.45 0.365 4
0.45 0.34 15
0.45 0.33 1
0.45 0.33 15
0.45 0.33 15
0.46 0.35 1
0.47 0.36 1
0.47 0.38 15
0.475 0.35 15
0.475 0.35 1
0.48 0.38 4
0.49 0.465 1
0.5 0.375 1
0.5 0.375 2
0.5 0.38 4
0.5 0.39 15
0.505 0.39 1
0.51 0.405 4
0.51 0.4 15
0.51 0.4 2
0.51 0.38 4
0.515 0.385 4
0.52 0.4 2
0.52 0.38 4
0.52 0.38 4
0.52 0.46 1
0.525 0.4 4
0.525 0.4 2
0.525 0.405 2
0.525 0.395 4
0.53 0.4 4
0.535 0.39 2
0.54 0.42 3
0.545 0.39 1
0.545 0.41 2
0.545 0.415 2
0.55 0.415 4
0.55 0.43 4
0.55 0.425 3
0.56 0.43 2
0.56 0.445 4
0.56 0.44 4
0.56 0.415 4
0.565 0.455 2
0.565 0.435 4
0.565 0.45 2
0.57 0.46 2
0.57 0.445 4
0.57 0.44 4
0.575 0.46 1
0.575 0.45 3
0.575 0.435 2
0.575 0.47 2
0.575 0.455 2
0.575 0.435 3
0.575 0.445 2
0.575 0.445 2
0.58 0.455 4
0.58 0.455 2
0.58 0.445 2
0.58 0.45 2
0.58 0.45 4
0.58 0.45 2
0.585 0.46 2
0.585 0.465 1
0.59 0.47 4
0.6 0.475 2
0.6 0.455 4
0.6 0.465 4
0.6 0.465 3
0.605 0.47 2
0.605 0.475 2
0.605 0.48 3
0.605 0.475 2
0.61 0.485 4
0.61 0.485 2
0.61 0.47 2
0.615 0.46 3
0.615 0.465 2
0.615 0.475 2
0.62 0.47 4
0.62 0.45 4
0.62 0.48 4
0.625 0.485 2
0.625 0.48 4
0.63 0.47 4
0.63 0.5 3
0.635 0.495 2
0.64 0.515 3
0.645 0.53 3
0.645 0.48 3
0.65 0.5 2
0.65 0.5 9
0.655 0.515 9
0.655 0.51 3
0.66 0.53 9
0.665 0.525 4
0.665 0.5 2
0.67 0.505 2
0.685 0.54 8
0.685 0.52 3
0.69 0.54 2
0.69 0.53 10
0.69 0.53 2
0.695 0.56 3
0.7 0.565 2
0.7 0.575 10
0.7 0.525 2
0.705 0.55 2
0.71 0.56 9
0.715 0.55 10
0.715 0.535 3
0.72 0.58 3
0.72 0.55 3
0.72 0.565 4
0.725 0.505 10
0.73 0.575 10
0.735 0.585 9
0.745 0.565 9
0.75 0.57 9
0.755 0.625 9
0.755 0.58 3
0.78 0.63 9
0.185 0.375 15
0.245 0.205 14
0.25 0.185 13
0.25 0.19 13
0.275 0.195 15
0.305 0.215 13
0.31 0.225 13
0.315 0.23 13
0.315 0.23 13
0.325 0.225 15
0.33 0.25 1
0.33 0.205 13
0.335 0.245 1
0.34 0.25 15
0.345 0.255 15
0.345 0.255 13
0.35 0.27 15
0.35 0.255 4
0.36 0.27 14
0.365 0.27 15
0.365 0.27 1
0.365 0.265 1
0.37 0.29 1
0.37 0.28 15
0.375 0.29 13
0.375 0.29 1
0.375 0.275 15
0.375 0.275 15
0.375 0.28 4
0.375 0.27 1
0.38 0.275 15
0.38 0.27 4
0.385 0.29 2
0.385 0.28 4
0.385 0.3 1
0.385 0.28 13
0.39 0.3 1
0.395 0.305 4
0.395 0.295 4
0.395 0.27 13
0.4 0.29 13
0.405 0.285 15
0.41 0.335 1
0.42 0.305 15
0.425 0.325 1
0.425 0.32 1
0.425 0.31 1
0.43 0.34 4
0.43 0.315 4
0.435 0.315 1
0.44 0.34 2
0.45 0.33 2
0.455 0.345 4
0.455 0.365 4
0.455 0.33 4
0.46 0.36 1
0.46 0.35 2
0.46 0.365 4
0.465 0.34 9
0.47 0.365 4
0.47 0.355 4
0.47 0.355 4
0.475 0.355 4
0.475 0.38 4
0.475 0.36 4
0.48 0.37 2
0.48 0.355 4
0.48 0.365 4
0.495 0.355 4
0.495 0.38 1
0.495 0.395 4
0.5 0.38 2
0.5 0.42 2
0.5 0.375 2
0.5 0.41 2
0.5 0.375 1
0.5 0.395 2
0.505 0.405 4
0.505 0.38 1
0.505 0.395 4
0.515 0.38 1
0.515 0.42 12
0.515 0.4 2
0.52 0.4 3
0.52 0.395 2
0.525 0.4 2
0.525 0.42 2
0.53 0.415 2
0.53 0.42 3
0.53 0.415 2
0.53 0.425 2
0.535 0.4 2
0.535 0.415 4
0.535 0.41 2
0.535 0.435 2
0.54 0.42 3
0.54 0.42 2
0.545 0.435 4
0.545 0.445 2
0.545 0.43 3
0.545 0.405 4
0.55 0.43 9
0.55 0.405 2
0.55 0.43 2
0.55 0.435 3
0.55 0.425 2
0.555 0.44 2
0.555 0.43 3
0.555 0.43 2
0.555 0.425 2
0.56 0.425 2
0.56 0.425 2
0.56 0.445 3
0.56 0.455 2
0.565 0.44 9
0.565 0.45 4
0.565 0.445 4
0.565 0.39 9
0.57 0.45 3
0.57 0.45 4
0.57 0.46 2
0.57 0.435 3
0.57 0.44 3
0.57 0.435 2
0.575 0.42 3
0.575 0.48 2
0.575 0.46 3
0.58 0.46 3
0.58 0.455 3
0.58 0.445 4
0.585 0.465 2
0.585 0.49 3
0.585 0.475 3
0.585 0.46 3
0.585 0.47 3
0.585 0.475 3
0.585 0.45 4
0.59 0.445 2
0.59 0.47 2
0.59 0.455 3
0.595 0.465 3
0.595 0.465 10
0.6 0.475 3
0.6 0.48 9
0.6 0.475 3
0.6 0.465 9
0.6 0.455 3
0.6 0.46 9
0.605 0.485 9
0.605 0.49 3
0.605 0.435 9
0.605 0.475 2
0.605 0.47 10
0.61 0.45 3
0.61 0.48 10
0.61 0.475 3
0.61 0.465 2
0.61 0.48 3
0.61 0.46 3
0.615 0.475 3
0.615 0.47 3
0.615 0.5 3
0.615 0.475 10
0.615 0.475 3
0.615 0.48 2
0.615 0.475 3
0.62 0.51 3
0.62 0.495 10
0.62 0.5 3
0.62 0.475 3
0.625 0.455 2
0.625 0.505 9
0.625 0.515 2
0.625 0.48 10
0.63 0.485 2
0.63 0.505 9
0.63 0.485 10
0.63 0.475 3
0.63 0.495 10
0.635 0.49 3
0.635 0.5 2
0.635 0.495 2
0.635 0.475 3
0.635 0.51 3
0.64 0.565 0
0.64 0.525 3
0.645 0.51 9
0.645 0.5 3
0.645 0.525 9
0.65 0.505 9
0.65 0.59 9
0.65 0.525 9
0.65 0.51 2
0.65 0.51 3
0.655 0.525 3
0.655 0.535 12
0.655 0.52 3
0.655 0.49 3
0.66 0.495 3
0.66 0.515 3
0.665 0.53 3
0.67 0.53 9
0.67 0.505 3
0.675 0.545 12
0.685 0.545 2
0.695 0.565 9
0.7 0.545 10
0.705 0.565 3
0.705 0.555 9
0.705 0.57 10
0.71 0.55 9
0.72 0.575 12
0.72 0.575 10
0.725 0.6 9
0.73 0.58 9
0.735 0.565 10
0.745 0.57 2
0.75 0.61 8
0.815 0.65 8
0.14 0.105 20
0.23 0.165 14
0.365 0.265 1
0.365 0.255 13
0.37 0.27 15
0.375 0.28 1
0.385 0.3 13
0.395 0.295 13
0.4 0.29 15
0.4 0.3 1
0.405 0.31 4
0.405 0.29 1
0.405 0.3 15
0.41 0.32 13
0.415 0.315 2
0.425 0.34 15
0.43 0.34 15
0.44 0.34 13
0.44 0.32 4
0.44 0.365 2
0.45 0.335 15
0.455 0.335 1
0.46 0.355 4
0.47 0.345 2
0.47 0.35 15
0.47 0.355 15
0.475 0.37 4
0.475 0.365 1
0.475 0.365 1
0.48 0.36 1
0.485 0.38 15
0.485 0.39 4
0.485 0.37 15
0.495 0.38 1
0.505 0.385 2
0.505 0.38 2
0.515 0.395 4
0.515 0.425 4
0.515 0.4 1
0.52 0.4 4
0.525 0.4 4
0.53 0.43 2
0.53 0.4 4
0.545 0.41 2
0.55 0.43 4
0.55 0.425 2
0.56 0.43 4
0.56 0.435 2
0.57 0.445 4
0.575 0.465 2
0.575 0.46 4
0.58 0.46 2
0.58 0.435 2
0.585 0.455 4
0.59 0.44 4
0.59 0.465 2
0.59 0.46 4
0.595 0.455 2
0.6 0.455 4
0.6 0.465 2
0.605 0.485 9
0.605 0.485 2
0.605 0.515 2
0.61 0.485 9
0.615 0.475 4
0.62 0.485 3
0.62 0.435 4
0.62 0.48 2
0.625 0.52 3
0.625 0.47 9
0.63 0.47 2
0.63 0.5 3
0.63 0.455 2
0.63 0.48 9
0.63 0.49 3
0.635 0.505 3
0.635 0.51 4
0.64 0.515 2
0.645 0.515 3
0.645 0.51 9
0.645 0.505 9
0.65 0.545 3
0.65 0.515 3
0.65 0.5 2
0.65 0.485 4
0.655 0.54 9
0.655 0.51 9
0.66 0.505 3
0.665 0.515 3
0.67 0.545 9
0.67 0.51 3
0.67 0.5 3
0.68 0.5 10
0.68 0.515 9
0.69 0.525 10
0.7 0.55 9
0.7 0.555 9
0.705 0.56 3
0.72 0.565 10
0.725 0.575 12
0.74 0.57 3
0.75 0.55 9
0.21 0.17 13
0.285 0.21 13
0.295 0.215 15
0.3 0.23 15
0.305 0.225 15
0.335 0.255 13
0.35 0.26 13
0.355 0.27 15
0.355 0.26 1
0.36 0.27 4
0.36 0.275 1
0.36 0.265 1
0.365 0.27 1
0.37 0.27 15
0.375 0.28 1
0.38 0.285 1
0.38 0.29 15
0.385 0.29 4
0.385 0.28 1
0.385 0.3 4
0.39 0.3 1
0.39 0.285 1
0.39 0.29 1
0.41 0.3 4
0.41 0.3 4
0.415 0.325 1
0.425 0.325 4
0.425 0.315 1
0.435 0.335 1
0.435 0.325 15
0.45 0.34 4
0.45 0.335 1
0.455 0.36 3
0.46 0.35 1
0.46 0.355 1
0.465 0.37 2
0.465 0.345 4
0.47 0.355 4
0.475 0.36 4
0.475 0.36 1
0.475 0.36 4
0.48 0.37 2
0.48 0.37 4
0.48 0.355 4
0.485 0.375 1
0.49 0.375 4
0.49 0.4 4
0.495 0.37 4
0.495 0.4 4
0.5 0.4 4
0.5 0.39 4
0.5 0.375 2
0.51 0.395 1
0.515 0.375 15
0.515 0.36 2
0.515 0.35 3
0.515 0.395 4
0.515 0.39 4
0.52 0.41 2
0.52 0.39 1
0.525 0.415 4
0.525 0.39 2
0.525 0.38 4
0.525 0.4 1
0.525 0.4 2
0.53 0.42 1
0.53 0.43 3
0.53 0.4 2
0.53 0.42 9
0.535 0.4 1
0.54 0.43 2
0.54 0.425 2
0.54 0.43 2
0.54 0.455 3
0.54 0.42 2
0.54 0.425 3
0.54 0.425 4
0.545 0.4 2
0.545 0.375 4
0.545 0.42 4
0.55 0.435 3
0.55 0.425 2
0.55 0.42 10
0.55 0.415 4
0.55 0.425 4
0.555 0.395 2
0.555 0.435 4
0.555 0.46 9
0.56 0.445 3
0.56 0.44 4
0.56 0.425 3
0.565 0.42 2
0.565 0.44 2
0.565 0.44 2
0.565 0.43 3
0.57 0.45 4
0.57 0.45 2
0.57 0.435 2
0.57 0.43 3
0.57 0.445 2
0.57 0.445 10
0.575 0.455 4
0.575 0.425 3
0.575 0.47 3
0.575 0.45 2
0.575 0.47 3
0.575 0.465 4
0.575 0.445 2
0.575 0.45 3
0.575 0.435 4
0.575 0.445 2
0.575 0.44 12
0.58 0.435 4
0.58 0.46 3
0.58 0.43 3
0.58 0.445 2
0.585 0.445 3
0.59 0.49 3
0.59 0.45 3
0.59 0.46 9
0.595 0.435 4
0.595 0.45 3
0.595 0.45 3
0.595 0.46 4
0.6 0.46 4
0.6 0.475 2
0.6 0.48 2
0.6 0.48 4
0.6 0.48 3
0.6 0.47 2
0.6 0.47 3
0.605 0.455 2
0.605 0.475 4
0.605 0.47 2
0.605 0.48 4
0.605 0.47 2
0.605 0.505 9
0.61 0.475 3
0.61 0.465 3
0.61 0.485 10
0.61 0.47 2
0.61 0.475 3
0.61 0.465 2
0.61 0.47 2
0.61 0.485 1
0.615 0.47 3
0.615 0.475 2
0.62 0.485 10
0.62 0.515 10
0.62 0.515 12
0.62 0.54 9
0.62 0.49 9
0.62 0.48 10
0.62 0.47 2
0.62 0.45 3
0.62 0.48 10
0.62 0.48 2
0.625 0.49 9
0.625 0.475 3
0.625 0.5 2
0.625 0.47 10
0.625 0.485 3
0.625 0.485 2
0.63 0.505 2
0.63 0.5 4
0.63 0.49 9
0.63 0.485 3
0.63 0.495 9
0.635 0.5 12
0.635 0.5 10
0.635 0.49 3
0.635 0.49 2
0.64 0.505 3
0.64 0.515 3
0.64 0.525 9
0.645 0.505 3
0.645 0.5 10
0.645 0.5 8
0.645 0.51 2
0.645 0.51 3
0.645 0.51 2
0.645 0.51 2
0.645 0.5 3
0.645 0.51 3
0.645 0.485 2
0.645 0.48 10
0.65 0.495 2
0.65 0.505 9
0.65 0.525 9
0.65 0.51 2
0.655 0.55 3
0.655 0.51 2
0.655 0.505 10
0.655 0.505 9
0.66 0.5 2
0.66 0.535 10
0.66 0.53 3
0.66 0.51 8
0.665 0.525 9
0.665 0.505 9
0.665 0.505 9
0.665 0.52 10
0.665 0.5 2
0.67 0.505 10
0.67 0.52 9
0.67 0.52 12
0.67 0.55 3
0.67 0.54 9
0.675 0.525 12
0.675 0.51 3
0.68 0.52 3
0.68 0.51 9
0.685 0.52 9
0.685 0.565 9
0.69 0.55 10
0.7 0.565 3
0.7 0.535 0
0.705 0.545 9
0.71 0.575 9
0.71 0.57 10
0.71 0.54 3
0.71 0.56 9
0.72 0.57 3
0.72 0.55 12
0.72 0.525 1
0.725 0.565 8
0.73 0.56 9
0.735 0.59 9
0.74 0.565 10
0.75 0.565 9
0.75 0.595 10
0.77 0.62 10
0.775 0.63 10
0.275 0.175 13
0.375 0.245 15
0.375 0.27 1
0.39 0.28 1
0.435 0.3 4
0.445 0.32 1
0.455 0.335 15
0.455 0.325 4
0.455 0.345 4
0.465 0.325 3
0.465 0.36 1
0.485 0.365 4
0.485 0.37 2
0.485 0.345 2
0.49 0.355 4
0.5 0.37 2
0.515 0.35 2
0.515 0.395 4
0.525 0.365 3
0.525 0.38 1
0.53 0.41 4
0.535 0.425 4
0.535 0.385 4
0.545 0.42 4
0.545 0.415 3
0.545 0.385 2
0.55 0.38 3
0.55 0.42 3
0.57 0.455 2
0.575 0.44 3
0.575 0.45 3
0.58 0.43 3
0.585 0.455 3
0.585 0.45 4
0.6 0.495 9
0.6 0.465 2
0.605 0.475 2
0.605 0.475 3
0.61 0.475 9
0.615 0.455 3
0.62 0.47 3
0.625 0.495 2
0.625 0.49 9
0.635 0.495 9
0.635 0.475 3
0.64 0.475 4
0.645 0.5 2
0.65 0.525 9
0.65 0.485 3
0.655 0.52 2
0.655 0.545 3
0.665 0.515 9
0.675 0.53 3
0.685 0.535 2
0.695 0.55 3
0.695 0.53 9
0.705 0.545 12
0.72 0.55 2
0.72 0.56 9
0.73 0.575 9
0.185 0.135 13
0.24 0.18 14
0.31 0.215 1
0.34 0.26 15
0.35 0.265 1
0.365 0.27 15
0.365 0.275 1
0.365 0.27 15
0.39 0.31 4
0.405 0.3 15
0.41 0.315 1
0.41 0.335 1
0.415 0.31 15
0.415 0.31 15
0.415 0.31 4
0.42 0.325 9
0.43 0.34 4
0.435 0.335 1
0.435 0.33 1
0.435 0.33 4
0.435 0.345 1
0.445 0.33 4
0.465 0.37 1
0.47 0.375 4
0.475 0.34 2
0.485 0.385 1
0.485 0.36 4
0.485 0.37 2
0.495 0.38 4
0.495 0.38 4
0.495 0.375 4
0.5 0.38 2
0.505 0.405 9
0.505 0.4 4
0.51 0.4 3
0.515 0.415 3
0.515 0.42 3
0.515 0.385 4
0.52 0.41 4
0.52 0.415 2
0.52 0.395 2
0.52 0.38 1
0.52 0.385 3
0.525 0.415 2
0.525 0.405 4
0.525 0.4 2
0.53 0.43 4
0.53 0.43 2
0.53 0.395 2
0.53 0.405 2
0.535 0.455 2
0.54 0.425 2
0.54 0.395 2
0.54 0.39 4
0.545 0.425 3
0.545 0.43 2
0.55 0.435 3
0.55 0.45 15
0.555 0.435 4
0.555 0.41 4
0.555 0.4 1
0.555 0.45 2
0.555 0.455 2
0.56 0.445 2
0.565 0.445 9
0.565 0.415 1
0.565 0.455 9
0.565 0.435 2
0.565 0.45 2
0.565 0.46 3
0.57 0.46 9
0.57 0.455 9
0.57 0.44 2
0.57 0.415 12
0.57 0.44 2
0.575 0.45 2
0.575 0.45 2
0.575 0.435 3
0.575 0.455 9
0.575 0.445 3
0.575 0.465 2
0.575 0.45 3
0.575 0.45 9
0.575 0.43 2
0.575 0.475 2
0.58 0.45 2
0.58 0.5 3
0.58 0.44 3
0.58 0.44 3
0.58 0.44 2
0.595 0.455 3
0.6 0.47 9
0.6 0.46 9
0.6 0.475 3
0.6 0.465 9
0.605 0.49 3
0.605 0.455 2
0.605 0.47 3
0.61 0.48 4
0.61 0.46 3
0.61 0.46 4
0.61 0.47 9
0.615 0.47 9
0.615 0.47 2
0.615 0.495 10
0.615 0.495 3
0.62 0.49 9
0.62 0.49 2
0.62 0.495 9
0.62 0.495 0
0.62 0.47 2
0.62 0.485 10
0.625 0.495 9
0.625 0.515 2
0.625 0.505 3
0.625 0.445 9
0.625 0.52 9
0.625 0.47 9
0.63 0.49 2
0.635 0.485 9
0.635 0.52 9
0.635 0.505 9
0.635 0.525 10
0.635 0.5 10
0.635 0.515 3
0.64 0.53 9
0.64 0.48 3
0.64 0.515 3
0.64 0.49 3
0.64 0.49 2
0.64 0.485 9
0.645 0.51 10
0.645 0.49 9
0.645 0.52 6
0.65 0.52 3
0.65 0.51 12
0.65 0.51 3
0.655 0.515 9
0.655 0.525 3
0.655 0.52 2
0.66 0.535 3
0.66 0.51 9
0.665 0.5 3
0.665 0.515 10
0.665 0.525 10
0.67 0.53 10
0.675 0.515 9
0.675 0.51 9
0.68 0.54 10
0.68 0.54 3
0.685 0.535 3
0.69 0.55 9
0.695 0.545 12
0.7 0.575 12
0.7 0.55 10
0.7 0.55 12
0.705 0.535 3
0.72 0.575 10
0.72 0.565 9
0.725 0.57 9
0.75 0.55 9
0.76 0.605 12
0.135 0.13 14
0.16 0.11 14
0.21 0.15 13
0.28 0.21 15
0.28 0.2 1
0.285 0.215 15
0.29 0.21 13
0.29 0.21 15
0.29 0.21 15
0.32 0.24 15
0.325 0.25 1
0.335 0.25 15
0.35 0.235 1
0.35 0.25 15
0.355 0.27 2
0.36 0.27 15
0.36 0.27 1
0.375 0.28 15
0.375 0.275 1
0.395 0.29 1
0.405 0.25 1
0.415 0.325 4
0.425 0.315 1
0.43 0.32 4
0.435 0.325 1
0.45 0.33 4
0.46 0.35 1
0.47 0.365 3
0.47 0.375 3
0.475 0.365 4
0.505 0.39 2
0.505 0.395 10
0.505 0.385 3
0.51 0.455 2
0.515 0.4 2
0.525 0.41 2
0.53 0.43 2
0.53 0.405 2
0.545 0.44 9
0.55 0.47 3
0.56 0.41 2
0.565 0.445 2
0.57 0.435 3
0.58 0.46 2
0.59 0.465 3
0.6 0.45 3
0.605 0.445 10
0.61 0.49 3
0.625 0.515 8
0.66 0.515 2
0.255 0.19 13
0.27 0.195 13
0.28 0.215 13
0.285 0.215 15
0.32 0.255 4
0.325 0.24 4
0.385 0.28 4
0.395 0.295 1
0.4 0.305 1
0.405 0.31 4
0.415 0.305 1
0.42 0.315 15
0.44 0.305 2
0.445 0.32 4
0.45 0.35 4
0.455 0.355 4
0.46 0.345 4
0.46 0.345 1
0.465 0.36 1
0.465 0.355 2
0.475 0.38 1
0.48 0.35 4
0.485 0.39 4
0.49 0.37 4
0.5 0.39 2
0.5 0.38 4
0.505 0.385 1
0.525 0.385 4
0.535 0.42 4
0.535 0.42 4
0.54 0.385 3
0.54 0.42 2
0.545 0.43 2
0.55 0.41 2
0.55 0.42 9
0.565 0.44 2
0.58 0.45 4
0.58 0.435 1
0.585 0.485 9
0.595 0.465 2
0.6 0.47 3
0.61 0.43 4
0.61 0.48 4
0.62 0.49 2
0.645 0.495 2
0.65 0.5 4
0.665 0.525 3
0.685 0.55 9
0.69 0.54 10
0.705 0.57 3
0.71 0.5 3
0.72 0.585 9
0.72 0.575 10
0.73 0.555 3
0.775 0.57 17
0.505 0.39 4
0.53 0.425 3
0.505 0.385 9
0.405 0.305 1
0.415 0.3 1
0.5 0.39 9
0.425 0.33 1
0.47 0.35 4
0.4 0.31 3
0.37 0.29 3
0.5 0.38 7
0.41 0.31 2
0.375 0.29 2
0.49 0.385 9
0.585 0.48 3
0.595 0.455 8
0.675 0.55 0
0.665 0.535 25
0.62 0.49 12
0.325 0.25 13
0.455 0.355 2
0.525 0.405 4
0.385 0.29 1
0.13 0.095 14
0.18 0.13 20
0.31 0.225 15
0.375 0.29 1
0.48 0.38 4
0.455 0.37 2
0.425 0.325 1
0.475 0.36 2
0.435 0.35 9
0.29 0.21 15
0.385 0.295 1
0.47 0.375 4
0.5 0.4 3
0.4 0.31 1
0.62 0.51 10
0.595 0.47 10
0.585 0.455 2
0.32 0.24 15
0.52 0.41 3
0.44 0.35 2
0.44 0.33 4
0.565 0.425 10
0.56 0.425 2
0.59 0.455 3
0.57 0.465 6
0.68 0.53 8
0.45 0.36 3
0.32 0.24 1
0.46 0.35 2
0.47 0.37 3
0.455 0.35 2
0.415 0.325 2
0.465 0.35 9
0.46 0.375 10
0.415 0.31 4
0.27 0.195 1
0.445 0.355 3
0.745 0.585 11
0.4 0.3 4
0.28 0.2 13
0.55 0.44 3
0.58 0.46 6
0.61 0.5 10
0.62 0.495 17
0.56 0.42 8
0.64 0.51 10
0.69 0.55 7
0.715 0.565 17
0.71 0.565 9
0.55 0.47 2
0.375 0.305 13
0.61 0.45 2
0.38 0.28 15
0.37 0.275 13
0.335 0.235 15
0.165 0.115 14
0.285 0.21 1
0.19 0.13 15
0.215 0.15 13
0.595 0.465 3
0.645 0.5 12
0.575 0.45 10
0.57 0.45 5
0.58 0.45 8
0.595 0.48 0
0.595 0.47 8
0.625 0.42 16
0.535 0.42 6
0.55 0.43 12
0.495 0.4 15
0.32 0.235 15
0.445 0.34 2
0.52 0.4 2
0.495 0.385 8
0.47 0.37 10
0.49 0.37 3
0.58 0.47 9
0.645 0.495 0
0.575 0.485 8
0.215 0.17 15
0.43 0.325 12
0.26 0.215 13
0.37 0.28 9
0.405 0.305 3
0.27 0.19 15
0.68 0.55 16
0.65 0.515 12
0.645 0.49 26
0.57 0.405 7
0.615 0.48 11
0.42 0.345 1
0.275 0.22 15
0.29 0.225 13
0.42 0.34 4
0.625 0.525 6
0.55 0.465 25
0.66 0.505 11
0.565 0.47 17
0.595 0.495 12
0.63 0.51 17
0.43 0.325 4
0.455 0.35 3
0.33 0.26 1
0.515 0.415 12
0.495 0.39 8
0.485 0.375 12
0.535 0.46 4
0.58 0.465 17
0.625 0.525 12
0.555 0.455 8
0.55 0.425 2
0.59 0.475 12
0.355 0.28 1
0.275 0.2 1
0.505 0.39 10
0.37 0.28 1
0.555 0.43 12
0.505 0.4 2
0.56 0.445 2
0.595 0.475 17
0.57 0.45 8
0.6 0.48 12
0.56 0.435 0
0.585 0.465 17
0.46 0.335 4
0.46 0.36 4
0.415 0.315 10
0.435 0.32 9
0.475 0.38 1
0.465 0.36 3
0.355 0.28 9
0.46 0.375 2
0.38 0.325 3
0.47 0.365 2
0.36 0.27 15
0.585 0.455 10
0.655 0.59 9
0.6 0.485 12
0.57 0.46 8
0.645 0.5 9
0.65 0.495 8
0.51 0.395 10
0.52 0.38 4
0.495 0.415 12
0.43 0.335 4
0.59 0.465 12
0.55 0.46 3
0.585 0.43 9
0.58 0.455 17
0.62 0.51 12
0.59 0.45 8
0.72 0.575 12
0.635 0.51 8
0.61 0.48 0
0.545 0.445 12
0.57 0.45 10
0.6 0.475 11
0.52 0.41 8
0.635 0.51 0
0.67 0.52 12
0.695 0.57 0
0.655 0.525 5
0.62 0.48 8
0.6 0.475 7
0.51 0.405 2
0.525 0.405 3
0.44 0.375 2
0.485 0.415 4
0.495 0.385 3
0.435 0.345 1
0.405 0.315 2
0.42 0.33 2
0.5 0.395 2
0.385 0.305 1
0.33 0.265 15
0.58 0.475 3
0.325 0.27 15
0.475 0.375 3
0.38 0.3 2
0.34 0.26 15
0.525 0.425 10
0.52 0.415 3
0.535 0.45 12
0.475 0.36 4
0.415 0.325 1
0.495 0.385 4
0.48 0.405 3
0.52 0.425 3
0.46 0.375 2
0.58 0.455 9
0.59 0.49 9
0.55 0.415 22
0.65 0.5 10
0.465 0.375 6
0.455 0.355 9
0.47 0.375 12
0.435 0.35 12
0.35 0.265 1
0.315 0.24 4
0.595 0.47 6
0.58 0.475 8
0.575 0.435 17
0.535 0.435 12
0.515 0.42 12
0.505 0.385 10
0.505 0.395 0
0.4 0.31 3
0.49 0.395 8
0.53 0.435 10
0.395 0.325 4
0.665 0.535 17
0.415 0.305 3
0.43 0.345 9
0.475 0.395 12
0.525 0.425 0
0.48 0.39 0
0.42 0.345 2
0.59 0.46 0
0.515 0.42 2
0.695 0.55 12
0.8 0.63 22
0.61 0.49 22
0.565 0.48 11
0.56 0.455 9
0.655 0.485 17
0.64 0.52 17
0.59 0.47 9
0.31 0.24 1
0.255 0.185 15
0.17 0.125 15
0.67 0.55 16
0.71 0.565 17
0.56 0.43 12
0.505 0.4 9
0.525 0.43 6
0.45 0.36 2
0.515 0.435 10
0.59 0.475 7
0.7 0.53 11
0.72 0.56 17
0.635 0.495 9
0.555 0.44 12
0.575 0.47 12
0.585 0.455 17
0.61 0.485 5
0.645 0.525 12
0.545 0.44 9
0.55 0.45 10
0.66 0.525 11
0.57 0.475 11
0.6 0.47 0
0.63 0.505 10
0.695 0.57 7
0.65 0.545 0
0.72 0.595 6
0.56 0.44 10
0.42 0.325 4
0.18 0.125 20
0.405 0.325 10
0.5 0.405 10
0.435 0.335 10
0.34 0.275 3
0.43 0.34 4
0.535 0.41 10
0.415 0.325 10
0.36 0.265 3
0.175 0.135 13
0.155 0.115 13
0.525 0.43 9
0.525 0.39 6
0.44 0.345 9
0.45 0.345 10
0.485 0.365 8
0.47 0.35 9
0.515 0.375 3
0.42 0.34 9
0.455 0.35 6
0.37 0.29 3
0.33 0.25 3
0.3 0.22 1
0.625 0.46 8
0.61 0.475 8
0.625 0.465 8
0.635 0.505 17
0.5 0.385 8
0.53 0.43 17
0.445 0.33 12
0.585 0.415 10
0.44 0.355 6
0.29 0.225 3
0.555 0.455 0
0.655 0.515 0
0.58 0.46 3
0.625 0.43 10
0.62 0.485 0
0.64 0.5 4
0.505 0.375 3
0.5 0.395 2
0.31 0.245 1
0.505 0.38 10
0.42 0.305 2
0.4 0.315 3
0.425 0.315 11
0.31 0.235 9
0.465 0.35 11
0.465 0.36 3
0.35 0.255 12
0.52 0.415 0
0.475 0.365 10
0.41 0.315 3
0.26 0.2 15
0.575 0.45 12
0.565 0.435 8
0.26 0.19 15
0.53 0.385 3
0.34 0.255 2
0.52 0.38 9
0.635 0.5 11
0.61 0.485 9
0.66 0.515 6
0.635 0.5 6
0.465 0.38 8
0.515 0.4 22
0.335 0.24 2
0.515 0.4 6
0.345 0.255 2
0.465 0.355 12
0.54 0.415 3
0.475 0.355 2
0.445 0.335 9
0.5 0.355 2
0.5 0.38 10
0.55 0.435 8
0.275 0.205 15
0.35 0.265 1
0.37 0.285 2
0.42 0.33 3
0.35 0.26 3
0.395 0.305 2
0.325 0.2 4
0.275 0.2 13
0.235 0.17 15
0.25 0.18 13
0.25 0.185 13
0.2 0.145 14
0.585 0.47 5
0.445 0.35 8
0.5 0.385 12
0.44 0.325 4
0.515 0.405 17
0.52 0.405 9
0.5 0.39 9
0.425 0.325 2
0.51 0.415 6
0.37 0.275 4
0.54 0.415 12
0.615 0.475 9
0.565 0.44 5
0.645 0.515 8
0.615 0.47 8
0.605 0.49 8
0.59 0.455 10
0.645 0.485 11
0.57 0.42 12
0.47 0.355 4
0.5 0.44 8
0.52 0.425 12
0.39 0.285 4
0.52 0.4 10
0.54 0.415 8
0.46 0.36 8
0.355 0.26 4
0.49 0.4 12
0.63 0.51 9
0.5 0.385 8
0.49 0.39 0
0.44 0.325 1
0.515 0.395 3
0.475 0.38 9
0.42 0.31 4
0.4 0.305 2
0.45 0.36 10
0.52 0.4 0
0.505 0.4 10
0.495 0.4 0
0.54 0.41 7
0.48 0.39 10
0.33 0.26 2
0.285 0.21 13
0.3 0.23 15
0.31 0.24 15
0.34 0.255 15
0.375 0.3 1
0.415 0.325 1
0.415 0.315 15
0.415 0.315 15
0.42 0.32 4
0.425 0.31 15
0.465 0.375 4
0.465 0.35 4
0.47 0.37 4
0.47 0.375 4
0.475 0.365 3
0.48 0.37 1
0.5 0.4 4
0.505 0.39 1
0.525 0.425 2
0.54 0.42 2
0.545 0.45 9
0.565 0.44 2
0.58 0.46 9
0.59 0.455 2
0.59 0.48 2
0.595 0.49 3
0.6 0.475 2
0.6 0.5 4
0.6 0.485 2
0.605 0.475 3
0.625 0.49 3
0.63 0.5 3
0.64 0.585 10
0.64 0.5 9
0.655 0.545 10
0.66 0.525 9
0.66 0.535 0
0.675 0.555 12
0.675 0.55 12
0.69 0.55 2
0.695 0.53 8
0.7 0.525 3
0.73 0.57 3
0.205 0.15 14
0.225 0.17 14
0.23 0.18 13
0.275 0.195 14
0.28 0.21 13
0.28 0.22 13
0.295 0.22 15
0.31 0.225 15
0.315 0.235 1
0.34 0.265 1
0.37 0.29 15
0.38 0.285 15
0.39 0.295 1
0.405 0.31 15
0.415 0.325 1
0.44 0.335 1
0.44 0.345 15
0.44 0.325 15
0.44 0.355 1
0.45 0.35 15
0.45 0.35 4
0.455 0.35 1
0.46 0.35 15
0.46 0.345 1
0.46 0.345 15
0.465 0.355 1
0.465 0.34 2
0.475 0.385 1
0.475 0.355 4
0.48 0.37 4
0.5 0.375 1
0.5 0.38 1
0.505 0.385 1
0.515 0.395 2
0.525 0.415 1
0.525 0.425 4
0.53 0.42 15
0.53 0.41 15
0.53 0.405 4
0.54 0.435 2
0.55 0.425 4
0.555 0.425 1
0.57 0.445 2
0.57 0.435 4
0.575 0.45 1
0.58 0.445 4
0.585 0.45 4
0.59 0.465 1
0.595 0.47 2
0.595 0.465 2
0.595 0.465 9
0.6 0.46 4
0.6 0.46 4
0.6 0.46 2
0.61 0.48 4
0.615 0.485 3
0.615 0.5 3
0.615 0.47 4
0.62 0.51 2
0.62 0.485 3
0.62 0.475 2
0.625 0.48 3
0.625 0.49 2
0.625 0.49 4
0.63 0.495 9
0.63 0.495 2
0.63 0.48 4
0.635 0.495 9
0.635 0.495 9
0.645 0.49 2
0.645 0.5 10
0.65 0.5 2
0.67 0.52 2
0.69 0.545 12
0.69 0.54 4
0.695 0.55 3
0.695 0.525 10
0.7 0.575 12
0.705 0.56 3
0.765 0.585 10
0.77 0.6 3
0.22 0.16 14
0.275 0.205 13
0.29 0.21 13
0.33 0.24 15
0.355 0.285 15
0.375 0.29 15
0.415 0.315 4
0.425 0.33 15
0.425 0.34 1
0.43 0.32 1
0.44 0.34 1
0.44 0.335 1
0.46 0.345 1
0.46 0.37 15
0.465 0.355 1
0.475 0.365 1
0.475 0.375 1
0.485 0.375 4
0.49 0.375 4
0.49 0.38 4
0.495 0.38 1
0.5 0.39 4
0.5 0.38 2
0.505 0.4 1
0.51 0.395 4
0.51 0.385 4
0.515 0.4 2
0.52 0.395 2
0.545 0.43 2
0.545 0.42 1
0.545 0.42 1
0.545 0.4 2
0.55 0.42 4
0.55 0.44 4
0.555 0.425 4
0.565 0.43 2
0.57 0.45 2
0.57 0.45 2
0.57 0.43 2
0.575 0.48 4
0.58 0.455 4
0.585 0.45 1
0.585 0.435 4
0.59 0.47 4
0.59 0.46 2
0.59 0.46 4
0.595 0.465 4
0.595 0.47 2
0.595 0.46 2
0.6 0.49 3
0.605 0.48 3
0.615 0.475 2
0.615 0.45 1
0.615 0.47 2
0.615 0.475 3
0.62 0.49 2
0.62 0.48 3
0.625 0.495 9
0.625 0.49 2
0.625 0.48 3
0.63 0.505 9
0.63 0.51 3
0.63 0.465 4
0.645 0.515 2
0.645 0.48 2
0.645 0.52 2
0.65 0.515 2
0.65 0.52 2
0.65 0.535 3
0.65 0.51 2
0.65 0.49 2
0.66 0.515 3
0.665 0.505 2
0.67 0.5 9
0.67 0.51 12
0.675 0.55 12
0.68 0.52 9
0.68 0.53 9
0.7 0.525 3
0.7 0.55 12
0.725 0.53 9
0.725 0.55 2
0.735 0.57 9
0.74 0.575 10
0.75 0.555 9
0.19 0.14 20
0.21 0.15 14
0.25 0.175 14
0.29 0.215 13
0.335 0.25 15
0.34 0.245 15
0.345 0.255 15
0.355 0.255 1
0.36 0.26 13
0.37 0.275 1
0.375 0.29 4
0.375 0.275 1
0.385 0.3 1
0.385 0.285 4
0.395 0.32 4
0.4 0.305 1
0.405 0.305 1
0.405 0.31 4
0.405 0.305 1
0.405 0.3 15
0.41 0.315 4
0.41 0.325 4
0.415 0.335 1
0.42 0.325 4
0.42 0.315 4
0.43 0.34 1
0.445 0.36 2
0.45 0.325 4
0.45 0.335 1
0.455 0.34 4
0.46 0.35 4
0.46 0.345 4
0.475 0.355 1
0.48 0.375 9
0.485 0.38 4
0.485 0.365 4
0.49 0.365 3
0.505 0.385 2
0.505 0.38 2
0.51 0.385 4
0.515 0.395 2
0.515 0.41 1
0.515 0.39 4
0.525 0.385 4
0.525 0.415 3
0.525 0.4 4
0.525 0.375 2
0.535 0.43 3
0.545 0.44 4
0.55 0.43 3
0.55 0.425 3
0.55 0.42 2
0.55 0.425 3
0.55 0.465 2
0.555 0.435 9
0.555 0.445 4
0.56 0.44 3
0.56 0.435 9
0.565 0.43 9
0.57 0.445 3
0.575 0.435 2
0.58 0.44 3
0.58 0.465 9
0.58 0.425 2
0.585 0.46 3
0.585 0.465 3
0.585 0.42 2
0.585 0.455 4
0.59 0.47 2
0.59 0.475 3
0.595 0.475 3
0.6 0.48 4
0.6 0.495 9
0.6 0.45 2
0.6 0.51 2
0.61 0.48 3
0.61 0.45 9
0.615 0.46 3
0.62 0.465 2
0.62 0.48 3
0.625 0.5 3
0.625 0.49 3
0.63 0.505 10
0.63 0.475 3
0.63 0.47 10
0.63 0.525 3
0.64 0.505 9
0.64 0.485 3
0.64 0.495 3
0.64 0.495 9
0.64 0.515 3
0.65 0.52 2
0.65 0.51 10
0.66 0.505 2
0.66 0.525 9
0.675 0.525 2
0.7 0.54 12
0.705 0.54 2
0.71 0.565 9
0.72 0.55 3
0.725 0.57 2
0.24 0.17 13
0.255 0.195 14
0.275 0.2 14
0.32 0.235 1
0.325 0.24 15
0.33 0.225 1
0.36 0.27 4
0.375 0.265 13
0.375 0.285 15
0.39 0.29 1
0.45 0.335 1
0.455 0.35 1
0.46 0.365 1
0.495 0.375 4
0.5 0.365 2
0.5 0.375 4
0.52 0.4 2
0.52 0.395 1
0.525 0.43 2
0.535 0.405 1
0.54 0.42 2
0.54 0.415 2
0.57 0.425 4
0.57 0.42 4
0.58 0.445 2
0.58 0.445 4
0.59 0.47 2
0.59 0.455 3
0.59 0.485 2
0.595 0.435 2
0.6 0.475 2
0.6 0.45 3
0.605 0.475 3
0.62 0.48 3
0.625 0.475 3
0.625 0.5 4
0.625 0.485 2
0.63 0.49 3
0.63 0.485 3
0.635 0.51 10
0.645 0.49 2
0.645 0.49 4
0.65 0.525 9
0.655 0.515 9
0.655 0.515 9
0.665 0.515 9
0.695 0.54 9
0.72 0.565 9
0.72 0.55 3
0.72 0.565 10
0.735 0.57 3
0.74 0.595 9
0.31 0.23 15
0.315 0.235 14
0.32 0.205 13
0.325 0.25 15
0.335 0.26 1
0.37 0.28 13
0.37 0.27 1
0.375 0.28 1
0.4 0.315 4
0.41 0.305 15
0.425 0.34 4
0.435 0.335 1
0.445 0.31 1
0.46 0.36 2
0.465 0.35 4
0.47 0.385 4
0.475 0.375 4
0.495 0.375 4
0.5 0.39 2
0.5 0.37 4
0.505 0.425 2
0.505 0.4 4
0.505 0.365 4
0.51 0.4 2
0.51 0.4 4
0.52 0.4 4
0.52 0.465 4
0.53 0.38 4
0.53 0.405 3
0.535 0.445 4
0.54 0.425 9
0.54 0.415 3
0.545 0.43 4
0.545 0.43 3
0.55 0.435 4
0.55 0.425 4
0.55 0.435 2
0.56 0.43 4
0.56 0.435 2
0.575 0.425 4
0.575 0.455 2
0.575 0.45 4
0.58 0.465 4
0.58 0.46 3
0.58 0.45 2
0.58 0.45 2
0.58 0.445 9
0.58 0.44 9
0.585 0.45 2
0.59 0.5 2
0.59 0.46 2
0.59 0.475 3
0.595 0.47 3
0.595 0.46 3
0.6 0.445 2
0.6 0.48 3
0.6 0.45 3
0.6 0.45 2
0.6 0.465 9
0.605 0.495 12
0.605 0.49 2
0.605 0.48 3
0.61 0.425 9
0.61 0.47 10
0.61 0.48 9
0.61 0.49 9
0.615 0.475 9
0.615 0.515 2
0.615 0.455 3
0.615 0.495 3
0.62 0.475 2
0.62 0.475 3
0.625 0.495 9
0.625 0.515 3
0.625 0.5 9
0.625 0.49 3
0.625 0.49 3
0.63 0.48 3
0.63 0.53 2
0.63 0.485 3
0.63 0.51 1
0.635 0.485 9
0.635 0.52 9
0.635 0.485 3
0.635 0.5 4
0.635 0.515 9
0.64 0.505 9
0.64 0.575 9
0.645 0.485 10
0.645 0.52 9
0.645 0.495 10
0.65 0.52 0
0.65 0.565 10
0.655 0.5 9
0.655 0.515 10
0.66 0.525 12
0.66 0.525 3
0.665 0.51 3
0.67 0.485 2
0.67 0.525 10
0.67 0.525 2
0.67 0.525 2
0.67 0.54 3
0.68 0.515 9
0.68 0.505 10
0.685 0.505 3
0.69 0.515 12
0.715 0.55 9
0.72 0.58 12
0.735 0.59 10
0.745 0.575 10
0.32 0.215 15
0.43 0.345 4
0.43 0.33 15
0.485 0.365 4
0.49 0.355 4
0.5 0.37 1
0.505 0.38 4
0.51 0.37 2
0.525 0.41 4
0.535 0.4 3
0.535 0.4 4
0.535 0.405 12
0.555 0.405 3
0.555 0.425 2
0.56 0.425 2
0.59 0.44 2
0.595 0.485 4
0.595 0.43 4
0.595 0.43 9
0.61 0.475 2
0.61 0.485 2
0.62 0.5 3
0.625 0.49 2
0.635 0.51 2
0.635 0.525 9
0.64 0.485 2
0.64 0.495 9
0.645 0.505 3
0.655 0.505 3
0.67 0.515 9
0.68 0.54 12
0.7 0.545 9
0.73 0.585 8
0.75 0.615 10
0.255 0.185 14
0.375 0.26 15
0.375 0.285 4
0.39 0.3 1
0.39 0.28 4
0.395 0.3 15
0.42 0.32 15
0.435 0.335 1
0.435 0.325 4
0.44 0.32 2
0.45 0.33 4
0.45 0.34 4
0.455 0.355 2
0.46 0.37 4
0.47 0.375 4
0.475 0.375 2
0.495 0.33 1
0.495 0.375 4
0.5 0.38 4
0.515 0.385 1
0.52 0.41 9
0.52 0.395 9
0.525 0.4 4
0.535 0.42 2
0.535 0.41 4
0.54 0.42 3
0.55 0.405 3
0.55 0.445 9
0.56 0.45 2
0.565 0.44 2
0.57 0.45 3
0.57 0.47 3
0.575 0.47 2
0.575 0.43 4
0.575 0.445 3
0.575 0.445 2
0.58 0.435 3
0.585 0.45 9
0.59 0.435 2
0.59 0.47 4
0.59 0.405 2
0.595 0.47 10
0.595 0.48 2
0.595 0.46 2
0.6 0.45 9
0.6 0.45 10
0.61 0.495 9
0.615 0.485 9
0.615 0.49 12
0.62 0.475 9
0.625 0.515 9
0.63 0.515 9
0.63 0.495 3
0.635 0.505 9
0.635 0.49 2
0.635 0.5 2
0.64 0.485 9
0.64 0.5 2
0.65 0.505 9
0.65 0.51 10
0.655 0.54 9
0.655 0.49 2
0.655 0.455 9
0.66 0.53 3
0.665 0.525 3
0.675 0.52 9
0.68 0.52 9
0.68 0.56 9
0.685 0.51 3
0.695 0.535 9
0.7 0.555 9
0.71 0.56 12
0.73 0.55 8
0.755 0.575 9
0.225 0.17 14
0.23 0.17 13
0.255 0.185 15
0.355 0.27 1
0.425 0.31 1
0.425 0.32 4
0.455 0.35 4
0.46 0.355 3
0.495 0.38 3
0.51 0.395 9
0.52 0.43 9
0.525 0.4 2
0.53 0.415 2
0.53 0.395 2
0.545 0.435 9
0.55 0.43 4
0.575 0.48 2
0.58 0.43 3
0.595 0.455 9
0.6 0.465 4
0.645 0.5 9
0.66 0.525 3
0.29 0.215 13
0.3 0.22 13
0.37 0.275 13
0.375 0.285 1
0.38 0.29 1
0.395 0.3 4
0.41 0.325 4
0.415 0.32 1
0.425 0.325 1
0.44 0.34 1
0.44 0.34 15
0.465 0.405 3
0.47 0.36 4
0.51 0.415 4
0.525 0.4 3
0.525 0.4 2
0.55 0.425 1
0.56 0.42 4
0.575 0.45 2
0.575 0.45 3
0.585 0.46 3
0.615 0.495 9
0.62 0.485 2
0.63 0.495 3
0.63 0.49 3
0.67 0.515 9
0.675 0.505 9
0.685 0.53 3
0.485 0.39 2
0.46 0.36 4
0.46 0.35 2
0.535 0.42 9
0.465 0.36 3
0.51 0.4 3
0.335 0.26 9
0.55 0.425 5
0.18 0.135 13
0.215 0.165 13
0.2 0.15 14
0.625 0.48 2
0.55 0.42 12
0.585 0.45 8
0.645 0.5 12
0.71 0.53 10
0.7 0.54 27
0.655 0.505 3
0.665 0.5 16
0.47 0.375 9
0.425 0.335 2
0.54 0.41 1
0.505 0.395 2
0.535 0.44 3
0.43 0.35 2
0.55 0.435 2
0.34 0.255 15
0.275 0.2 1
0.335 0.22 15
0.64 0.49 0
0.55 0.44 2
0.64 0.475 12
0.545 0.41 2
0.64 0.54 11
0.605 0.49 0
0.605 0.47 0
0.56 0.45 3
0.57 0.465 8
0.525 0.405 12
0.505 0.405 9
0.35 0.265 15
0.45 0.355 2
0.51 0.405 9
0.49 0.38 10
0.505 0.41 0
0.38 0.3 4
0.27 0.195 4
0.37 0.295 1
0.5 0.385 9
0.645 0.505 3
0.565 0.44 9
0.67 0.545 12
0.59 0.415 9
0.47 0.36 15
0.51 0.385 4
0.72 0.575 6
0.55 0.405 1
0.2 0.145 13
0.65 0.515 12
0.525 0.405 8
0.565 0.435 5
0.61 0.47 10
0.545 0.405 11
0.325 0.245 13
0.31 0.235 1
0.45 0.335 9
0.49 0.38 2
0.505 0.405 3
0.385 0.3 15
0.62 0.485 17
0.635 0.505 17
0.665 0.53 0
0.335 0.265 2
0.295 0.215 4
0.48 0.38 0
0.32 0.25 2
0.43 0.34 8
0.565 0.45 10
0.6 0.48 3
0.585 0.46 8
0.555 0.42 12
0.57 0.495 8
0.62 0.485 9
0.63 0.51 6
0.425 0.34 3
0.64 0.505 8
0.675 0.525 6
0.5 0.4 9
0.385 0.305 2
0.52 0.435 11
0.52 0.415 4
0.64 0.525 6
0.44 0.35 2
0.42 0.32 3
0.45 0.35 12
0.42 0.325 2
0.64 0.505 10
0.57 0.455 9
0.41 0.325 10
0.485 0.41 12
0.61 0.48 10
0.59 0.485 12
0.665 0.535 8
0.345 0.285 4
0.635 0.51 11
0.695 0.53 8
0.69 0.54 0
0.555 0.435 0
0.65 0.525 8
0.635 0.48 0
0.655 0.51 8
0.69 0.555 7
0.695 0.55 12
0.55 0.435 12
0.61 0.495 0
0.595 0.5 9
0.3 0.24 15
0.435 0.35 2
0.455 0.375 4
0.48 0.38 10
0.43 0.35 15
0.435 0.35 1
0.3 0.23 13
0.575 0.48 10
0.505 0.385 2
0.455 0.375 1
0.64 0.505 11
0.56 0.435 12
0.645 0.52 10
0.595 0.485 8
0.565 0.45 17
0.655 0.5 10
0.48 0.38 8
0.495 0.385 9
0.4 0.335 3
0.41 0.31 9
0.595 0.465 10
0.625 0.475 12
0.52 0.425 17
0.465 0.36 9
0.475 0.375 12
0.5 0.405 11
0.46 0.355 10
0.485 0.385 10
0.465 0.39 0
0.525 0.415 10
0.655 0.53 11
0.69 0.54 27
0.55 0.45 9
0.58 0.475 12
0.59 0.475 9
0.565 0.44 9
0.665 0.57 12
0.62 0.51 8
0.55 0.46 10
0.605 0.475 0
0.535 0.42 0
0.51 0.395 10
0.53 0.405 2
0.495 0.375 9
0.575 0.455 12
0.63 0.5 8
0.59 0.45 8
0.605 0.485 8
0.645 0.5 17
0.62 0.5 12
0.605 0.485 6
0.615 0.5 6
0.66 0.525 9
0.71 0.575 0
0.565 0.45 10
0.57 0.435 6
0.6 0.445 6
0.41 0.3 3
0.45 0.325 2
0.275 0.2 13
0.485 0.355 2
0.62 0.485 12
0.48 0.38 10
0.505 0.41 17
0.4 0.31 9
0.45 0.355 9
0.35 0.26 2
0.44 0.35 6
0.265 0.2 1
0.165 0.125 14
0.705 0.555 7
0.535 0.425 6
0.49 0.385 9
0.48 0.37 0
0.395 0.3 10
0.375 0.28 10
0.345 0.265 3
0.55 0.415 10
0.635 0.48 6
0.575 0.475 12
0.545 0.435 3
0.385 0.305 3
0.51 0.34 9
0.44 0.34 12
0.45 0.36 10
0.39 0.3 4
0.425 0.325 10
0.45 0.35 9
0.66 0.525 0
0.685 0.525 6
0.585 0.475 10
0.54 0.435 17
0.49 0.39 10
0.43 0.33 8
0.455 0.365 12
0.495 0.38 12
0.48 0.38 10
0.47 0.4 8
0.415 0.32 9
0.49 0.385 12
0.47 0.375 3
0.445 0.345 9
0.51 0.38 12
0.52 0.405 0
0.475 0.365 4
0.455 0.36 3
0.435 0.34 3
0.39 0.3 15
0.375 0.285 4
0.285 0.215 13
0.58 0.445 5
0.58 0.44 7
0.41 0.315 2
0.41 0.3 2
0.54 0.405 3
0.33 0.245 9
0.44 0.31 9
0.28 0.21 13
0.59 0.465 17
0.61 0.48 12
0.61 0.46 17
0.455 0.345 10
0.33 0.235 3
0.44 0.33 6
0.54 0.405 7
0.475 0.375 3
0.46 0.33 3
0.31 0.235 15
0.255 0.19 13
0.335 0.255 4
0.295 0.21 4
0.19 0.13 13
0.545 0.435 7
0.495 0.4 0
0.5 0.375 8
0.305 0.225 1
0.475 0.35 12
0.515 0.4 12
0.545 0.41 11
0.74 0.535 12
0.565 0.465 6
0.56 0.44 3
0.545 0.42 12
0.645 0.515 7
0.575 0.435 3
0.62 0.48 12
0.605 0.45 12
0.605 0.475 11
0.475 0.375 10
0.365 0.285 2
0.46 0.35 4
0.53 0.43 3
0.48 0.395 11
0.455 0.345 12
0.35 0.265 2
0.37 0.28 4
0.34 0.25 1
0.35 0.28 4
0.35 0.265 15
0.39 0.315 1
0.395 0.31 1
0.415 0.31 15
0.43 0.32 1
0.48 0.355 4
0.49 0.395 2
0.49 0.37 1
0.56 0.465 2
0.56 0.45 1
0.58 0.46 2
0.58 0.48 4
0.59 0.47 4
0.595 0.475 3
0.6 0.475 9
0.61 0.47 2
0.63 0.475 9
0.64 0.51 3
0.65 0.545 3
0.71 0.55 12
0.74 0.605 12
0.25 0.18 14
0.28 0.21 15
0.325 0.24 15
0.35 0.265 13
0.36 0.27 15
0.365 0.27 15
0.37 0.28 15
0.375 0.285 1
0.38 0.275 15
0.395 0.3 4
0.43 0.335 15
0.44 0.35 4
0.465 0.37 1
0.465 0.355 1
0.48 0.37 4
0.485 0.37 1
0.49 0.4 2
0.495 0.4 4
0.5 0.385 4
0.505 0.39 4
0.52 0.39 1
0.52 0.395 1
0.525 0.44 1
0.55 0.44 4
0.555 0.44 4
0.555 0.42 4
0.575 0.46 4
0.6 0.475 2
0.61 0.48 10
0.61 0.495 3
0.61 0.47 4
0.615 0.505 4
0.62 0.485 2
0.625 0.495 9
0.625 0.47 3
0.625 0.485 9
0.635 0.495 3
0.64 0.48 2
0.64 0.5 2
0.66 0.525 3
0.665 0.52 9
0.715 0.585 3
0.72 0.565 9
0.725 0.58 2
0.165 0.12 20
0.21 0.15 14
0.355 0.265 15
0.4 0.315 15
0.4 0.29 1
0.4 0.3 15
0.435 0.335 1
0.44 0.33 1
0.45 0.34 4
0.465 0.345 15
0.47 0.355 1
0.47 0.355 1
0.475 0.42 4
0.485 0.37 1
0.505 0.475 4
0.51 0.405 4
0.52 0.38 4
0.53 0.42 4
0.535 0.42 3
0.55 0.44 4
0.555 0.44 4
0.555 0.44 4
0.555 0.43 2
0.56 0.415 4
0.575 0.44 4
0.585 0.45 2
0.59 0.46 3
0.595 0.47 2
0.6 0.41 4
0.6 0.475 10
0.61 0.47 3
0.615 0.49 9
0.62 0.51 3
0.625 0.495 3
0.625 0.47 2
0.64 0.5 9
0.64 0.475 2
0.645 0.52 3
0.65 0.505 2
0.655 0.52 9
0.655 0.54 9
0.66 0.5 2
0.67 0.525 3
0.69 0.525 10
0.7 0.575 9
0.7 0.56 9
0.71 0.57 9
0.715 0.545 3
0.72 0.545 9
0.215 0.15 20
0.24 0.185 14
0.26 0.205 14
0.32 0.24 15
0.33 0.23 15
0.335 0.26 15
0.35 0.26 1
0.35 0.265 15
0.36 0.265 15
0.36 0.265 1
0.365 0.275 1
0.38 0.285 1
0.4 0.31 15
0.4 0.315 15
0.4 0.265 2
0.425 0.325 4
0.43 0.325 15
0.435 0.335 1
0.435 0.34 4
0.445 0.355 4
0.45 0.35 4
0.455 0.435 4
0.46 0.34 4
0.475 0.355 2
0.475 0.36 4
0.475 0.35 1
0.48 0.355 2
0.495 0.37 1
0.5 0.365 2
0.505 0.39 4
0.515 0.4 2
0.525 0.39 4
0.53 0.405 2
0.53 0.42 4
0.535 0.415 4
0.535 0.41 2
0.54 0.41 4
0.55 0.425 3
0.565 0.45 3
0.57 0.47 3
0.57 0.42 2
0.57 0.42 4
0.575 0.455 4
0.575 0.44 2
0.575 0.475 2
0.575 0.45 2
0.58 0.46 3
0.58 0.46 3
0.58 0.47 9
0.58 0.47 2
0.585 0.465 2
0.585 0.46 2
0.595 0.465 3
0.6 0.47 2
0.6 0.47 4
0.6 0.475 9
0.6 0.475 9
0.6 0.475 3
0.6 0.485 2
0.62 0.48 3
0.625 0.48 2
0.625 0.475 3
0.625 0.5 2
0.625 0.49 9
0.625 0.485 2
0.63 0.465 9
0.635 0.495 3
0.65 0.515 10
0.65 0.515 9
0.65 0.52 9
0.65 0.475 2
0.655 0.525 9
0.655 0.53 4
0.66 0.5 10
0.66 0.515 9
0.675 0.515 3
0.685 0.53 9
0.715 0.52 10
0.735 0.555 10
0.175 0.125 14
0.37 0.285 4
0.395 0.3 13
0.42 0.325 1
0.455 0.37 4
0.495 0.375 4
0.51 0.375 1
0.515 0.39 4
0.545 0.43 1
0.555 0.405 2
0.58 0.45 2
0.59 0.465 3
0.6 0.46 3
0.61 0.49 9
0.615 0.475 9
0.615 0.475 2
0.615 0.495 8
0.62 0.46 2
0.63 0.515 9
0.64 0.5 10
0.64 0.5 2
0.655 0.455 4
0.655 0.505 3
0.66 0.53 3
0.665 0.5 2
0.67 0.525 3
0.69 0.53 3
0.715 0.525 3
0.735 0.565 12
0.27 0.205 15
0.285 0.225 1
0.295 0.22 13
0.3 0.225 13
0.3 0.22 13
0.36 0.265 15
0.37 0.275 15
0.39 0.29 4
0.435 0.325 15
0.44 0.34 4
0.44 0.32 4
0.445 0.345 1
0.465 0.37 2
0.465 0.355 4
0.47 0.345 4
0.475 0.365 1
0.475 0.335 2
0.475 0.35 2
0.485 0.365 4
0.49 0.39 2
0.515 0.405 2
0.52 0.415 4
0.525 0.405 3
0.525 0.425 3
0.53 0.425 2
0.53 0.42 2
0.53 0.41 2
0.53 0.395 9
0.535 0.405 1
0.535 0.45 3
0.545 0.41 2
0.545 0.41 3
0.55 0.415 3
0.55 0.45 4
0.55 0.4 2
0.555 0.43 2
0.575 0.45 2
0.575 0.44 4
0.585 0.42 9
0.585 0.465 3
0.585 0.46 2
0.59 0.465 4
0.595 0.47 3
0.595 0.44 3
0.595 0.46 3
0.595 0.45 10
0.6 0.47 3
0.6 0.5 3
0.605 0.49 9
0.605 0.49 3
0.61 0.45 3
0.61 0.495 2
0.615 0.47 9
0.62 0.5 9
0.62 0.525 3
0.62 0.47 9
0.62 0.48 3
0.625 0.485 8
0.625 0.485 9
0.63 0.49 9
0.63 0.505 2
0.64 0.5 12
0.645 0.51 10
0.65 0.52 9
0.65 0.495 9
0.65 0.495 3
0.65 0.52 3
0.65 0.525 12
0.65 0.51 10
0.65 0.51 3
0.65 0.525 9
0.66 0.53 3
0.66 0.51 3
0.665 0.54 9
0.67 0.51 9
0.67 0.54 9
0.67 0.54 2
0.675 0.535 9
0.675 0.51 9
0.675 0.53 2
0.685 0.55 3
0.685 0.535 9
0.705 0.55 9
0.705 0.53 3
0.71 0.555 9
0.725 0.56 9
0.78 0.6 9
0.235 0.13 13
0.35 0.25 1
0.36 0.25 1
0.38 0.28 1
0.38 0.32 1
0.43 0.31 2
0.465 0.36 2
0.47 0.355 2
0.485 0.365 1
0.495 0.375 2
0.5 0.395 4
0.505 0.4 1
0.51 0.375 3
0.51 0.38 2
0.515 0.37 2
0.55 0.415 2
0.575 0.42 3
0.605 0.455 3
0.615 0.505 3
0.615 0.475 2
0.625 0.48 3
0.625 0.47 2
0.635 0.505 2
0.65 0.525 2
0.65 0.5 9
0.67 0.525 10
0.695 0.525 12
0.705 0.555 10
0.275 0.205 13
0.285 0.205 13
0.36 0.265 1
0.385 0.29 15
0.4 0.315 15
0.43 0.33 1
0.435 0.375 4
0.45 0.335 1
0.475 0.355 4
0.475 0.36 4
0.485 0.37 4
0.51 0.395 4
0.515 0.39 2
0.52 0.41 3
0.525 0.4 2
0.53 0.425 2
0.53 0.425 2
0.53 0.42 3
0.53 0.395 4
0.53 0.41 9
0.535 0.4 3
0.535 0.45 2
0.555 0.44 3
0.555 0.46 3
0.56 0.465 2
0.56 0.43 2
0.565 0.43 2
0.575 0.45 3
0.575 0.465 2
0.575 0.46 2
0.58 0.42 2
0.58 0.45 4
0.585 0.42 12
0.585 0.47 2
0.59 0.45 2
0.595 0.48 3
0.615 0.48 3
0.615 0.455 3
0.62 0.5 9
0.62 0.48 10
0.62 0.48 9
0.625 0.495 2
0.625 0.5 3
0.63 0.49 10
0.63 0.475 4
0.645 0.51 3
0.65 0.505 3
0.65 0.495 9
0.655 0.52 12
0.665 0.525 8
0.67 0.52 3
0.675 0.54 10
0.675 0.54 9
0.695 0.58 12
0.695 0.535 3
0.705 0.56 9
0.74 0.58 10
0.205 0.155 20
0.305 0.23 15
0.32 0.23 1
0.355 0.27 1
0.425 0.305 2
0.425 0.31 4
0.45 0.365 4
0.515 0.385 3
0.52 0.375 4
0.525 0.4 4
0.555 0.445 2
0.61 0.49 10
0.35 0.26 4
0.38 0.275 15
0.46 0.34 4
0.465 0.355 4
0.475 0.385 4
0.565 0.445 2
0.57 0.45 4
0.57 0.44 3
0.595 0.46 3
0.605 0.48 2
0.615 0.455 2
0.62 0.46 1
0.625 0.47 9
0.68 0.52 3
0.68 0.54 9
0.68 0.52 9
0.71 0.555 10
0.5 0.385 8
0.545 0.42 3
0.46 0.365 8
0.535 0.41 9
0.335 0.26 15
0.425 0.35 1
0.41 0.325 2
0.17 0.105 14
0.335 0.25 4
0.52 0.425 4
0.53 0.41 2
0.5 0.42 9
0.615 0.475 2
0.575 0.45 6
0.57 0.45 8
0.455 0.35 9
0.37 0.275 15
0.445 0.37 2
0.675 0.535 8
0.385 0.3 15
0.375 0.295 1
0.56 0.44 3
0.55 0.41 10
0.57 0.465 2
0.485 0.4 9
0.41 0.335 4
0.335 0.255 2
0.655 0.515 6
0.565 0.45 10
0.57 0.44 2
0.55 0.465 8
0.63 0.475 8
0.475 0.37 3
0.655 0.5 11
0.32 0.235 13
0.525 0.395 7
0.525 0.43 3
0.5 0.39 0
0.44 0.34 4
0.49 0.385 2
0.545 0.44 0
0.45 0.36 10
0.515 0.4 2
0.33 0.25 13
0.525 0.41 10
0.295 0.225 2
0.545 0.45 6
0.645 0.5 0
0.45 0.355 3
0.61 0.49 0
0.38 0.3 1
0.565 0.455 3
0.67 0.545 0
0.54 0.425 3
0.29 0.225 2
0.41 0.33 1
0.46 0.375 1
0.56 0.44 2
0.575 0.45 10
0.62 0.5 10
0.515 0.4 6
0.56 0.46 10
0.5 0.4 12
0.435 0.355 2
0.495 0.38 10
0.595 0.5 12
0.76 0.575 8
0.615 0.5 17
0.565 0.46 3
0.14 0.105 14
0.445 0.345 0
0.525 0.43 10
0.16 0.12 14
0.635 0.48 6
0.575 0.47 6
0.38 0.27 15
0.245 0.18 14
0.48 0.39 12
0.455 0.365 2
0.455 0.375 3
0.455 0.355 12
0.355 0.27 3
0.52 0.405 0
0.54 0.4 9
0.52 0.39 7
0.56 0.445 9
0.52 0.41 3
0.615 0.46 12
0.645 0.49 11
0.565 0.43 9
0.295 0.23 4
0.375 0.28 3
0.525 0.4 3
0.395 0.28 10
0.5 0.4 5
0.47 0.35 4
0.58 0.42 8
0.5 0.38 10
0.725 0.55 3
0.65 0.515 6
0.67 0.535 16
0.55 0.44 17
0.49 0.37 9
0.235 0.18 15
0.235 0.175 13
0.52 0.41 9
0.475 0.4 12
0.53 0.425 12
0.35 0.275 3
0.555 0.42 8
0.505 0.39 9
0.54 0.44 0
0.525 0.4 9
0.55 0.45 8
0.55 0.44 5
0.235 0.175 15
0.525 0.41 12
0.475 0.365 6
0.53 0.4 10
0.525 0.415 12
0.53 0.425 12
0.465 0.39 12
0.315 0.235 13
0.465 0.355 4
0.485 0.385 1
0.49 0.385 2
0.515 0.395 10
0.555 0.44 3
0.61 0.5 2
0.68 0.55 9
0.69 0.55 9
0.695 0.55 3
0.72 0.575 3
0.27 0.205 14
0.27 0.19 13
0.295 0.22 15
0.295 0.22 15
0.315 0.23 15
0.375 0.29 15
0.38 0.3 15
0.385 0.285 15
0.4 0.295 15
0.415 0.315 4
0.415 0.33 1
0.42 0.32 4
0.44 0.33 15
0.45 0.35 1
0.475 0.35 1
0.485 0.39 4
0.495 0.375 15
0.525 0.41 1
0.565 0.455 4
0.58 0.435 15
0.585 0.45 15
0.6 0.465 3
0.63 0.48 9
0.645 0.525 3
0.655 0.545 9
0.665 0.515 4
0.67 0.52 9
0.67 0.51 3
0.685 0.51 2
0.7 0.6 3
0.72 0.6 10
0.185 0.135 14
0.245 0.175 13
0.315 0.23 15
0.36 0.27 15
0.375 0.28 15
0.415 0.31 15
0.455 0.35 1
0.48 0.35 15
0.485 0.375 4
0.51 0.39 4
0.52 0.395 3
0.555 0.43 2
0.585 0.465 2
0.585 0.46 9
0.585 0.455 10
0.61 0.49 4
0.61 0.475 2
0.615 0.53 2
0.62 0.465 4
0.625 0.505 4
0.625 0.48 3
0.635 0.48 3
0.64 0.525 2
0.66 0.505 9
0.66 0.485 4
0.66 0.515 3
0.68 0.55 9
0.69 0.58 3
0.72 0.545 9
0.275 0.2 15
0.33 0.245 15
0.33 0.26 1
0.365 0.28 1
0.365 0.27 15
0.42 0.31 4
0.435 0.335 1
0.435 0.325 1
0.44 0.325 4
0.485 0.365 4
0.495 0.385 3
0.51 0.405 1
0.52 0.41 9
0.54 0.42 4
0.54 0.415 3
0.55 0.445 9
0.56 0.44 9
0.575 0.45 10
0.575 0.45 3
0.575 0.46 3
0.58 0.46 4
0.58 0.425 3
0.59 0.45 2
0.6 0.46 9
0.62 0.485 9
0.625 0.495 12
0.625 0.495 2
0.625 0.495 2
0.625 0.5 3
0.625 0.47 12
0.625 0.485 3
0.635 0.5 3
0.645 0.5 2
0.645 0.51 9
0.69 0.535 9
0.695 0.56 3
0.515 0.39 4
0.545 0.405 4
0.62 0.465 3
0.63 0.49 2
0.63 0.515 9
0.64 0.49 2
0.37 0.275 15
0.395 0.31 1
0.4 0.3 15
0.41 0.305 1
0.455 0.335 4
0.48 0.335 1
0.485 0.375 4
0.5 0.36 4
0.515 0.395 2
0.52 0.4 4
0.545 0.45 4
0.545 0.43 4
0.55 0.435 2
0.55 0.43 3
0.55 0.385 4
0.555 0.43 4
0.56 0.45 9
0.565 0.465 2
0.57 0.445 3
0.575 0.48 3
0.585 0.51 9
0.59 0.45 4
0.595 0.475 3
0.6 0.47 2
0.61 0.365 2
0.615 0.475 9
0.625 0.5 10
0.625 0.49 9
0.63 0.485 9
0.63 0.53 12
0.635 0.485 9
0.635 0.5 10
0.635 0.5 2
0.65 0.495 2
0.67 0.525 2
0.675 0.52 2
0.675 0.51 9
0.68 0.545 9
0.7 0.545 3
0.71 0.545 9
0.715 0.565 2
0.72 0.59 9
0.42 0.305 1
0.48 0.35 1
0.48 0.365 4
0.51 0.41 2
0.515 0.4 4
0.56 0.42 2
0.56 0.42 4
0.57 0.45 2
0.605 0.465 3
0.625 0.48 2
0.64 0.505 2
0.65 0.525 2
0.3 0.215 14
0.35 0.265 1
0.455 0.35 2
0.46 0.365 4
0.49 0.375 4
0.5 0.385 4
0.54 0.415 2
0.55 0.42 9
0.55 0.445 3
0.555 0.435 4
0.57 0.425 3
0.58 0.45 3
0.58 0.425 9
0.585 0.47 3
0.585 0.45 9
0.595 0.455 2
0.6 0.5 9
0.615 0.495 2
0.63 0.505 9
0.63 0.49 9
0.635 0.495 3
0.645 0.535 3
0.65 0.505 9
0.655 0.525 12
0.655 0.5 12
0.67 0.535 9
0.67 0.525 9
0.695 0.53 3
0.695 0.55 9
0.77 0.605 9
0.28 0.215 15
0.33 0.23 1
0.35 0.25 15
0.37 0.28 1
0.43 0.315 4
0.435 0.33 15
0.44 0.35 15
0.475 0.37 4
0.475 0.36 4
0.48 0.355 4
0.56 0.44 2
0.585 0.475 9
0.585 0.455 9
0.385 0.255 4
0.39 0.31 1
0.39 0.29 1
0.405 0.3 1
0.475 0.365 3
0.5 0.38 2
0.515 0.4 4
0.52 0.385 3
0.55 0.43 3
0.56 0.43 4
0.565 0.45 9
0.59 0.44 3
0.6 0.475 2
0.625 0.485 3
0.71 0.555 10
